[0.00, 0, 0.00],
[0.00, 0, 10.00],
[0.00, 0, 20.00],
[0.00, 0, 30.00],
[0.00, 0, 40.00],
[0.00, 0, 50.00],
[0.00, 0, 60.00],
[0.00, 0, 70.00],
[0.00, 0, 80.00],
[0.00, 0, 90.00],
[0.00, 0, 100.00],
[0.00, 0, 110.00],
[0.00, 0, 120.00],
[0.00, 0, 130.00],
[0.00, 0, 140.00],
[0.00, 0, 150.00],
[0.00, 0, 160.00],
[0.00, 0, 170.00],
[0.00, 0, 180.00],
[0.00, 0, 190.00],
[0.00, 0, 200.00],
[0.00, 0, 210.00],
[0.00, 0, 220.00],
[0.00, 0, 230.00],
[0.00, 0, 240.00],
[0.00, 0, 250.00],
[0.00, 0, 260.00],
[0.00, 0, 270.00],
[0.00, 0, 280.00],
[0.00, 0, 290.00],
[0.00, 0, 300.00],
[0.00, 0, 310.00],
[0.00, 0, 320.00],
[0.00, 0, 330.00],
[0.00, 0, 340.00],
[0.00, 0, 350.00],
[0.00, 0, 360.00],
[0.00, 0, 370.00],
[0.00, 0, 380.00],
[0.00, 0, 390.00],
[0.00, 0, 400.00],
[0.41, 0, 409.91],
[1.64, 0, 419.75],
[3.67, 0, 429.46],
[6.50, 0, 438.96],
[10.11, 0, 448.20],
[14.46, 0, 457.11],
[19.54, 0, 465.63],
[25.30, 0, 473.71],
[31.71, 0, 481.27],
[38.73, 0, 488.29],
[46.29, 0, 494.70],
[54.37, 0, 500.46],
[62.89, 0, 505.54],
[71.80, 0, 509.89],
[81.04, 0, 513.50],
[90.54, 0, 516.33],
[100.25, 0, 518.36],
[110.09, 0, 519.59],
[120.00, 0, 520.00],
[129.91, 0, 519.59],
[139.75, 0, 518.36],
[149.46, 0, 516.33],
[158.96, 0, 513.50],
[168.20, 0, 509.89],
[177.11, 0, 505.54],
[185.63, 0, 500.46],
[193.71, 0, 494.70],
[201.27, 0, 488.29],
[208.29, 0, 481.27],
[214.70, 0, 473.71],
[220.46, 0, 465.63],
[225.54, 0, 457.11],
[229.89, 0, 448.20],
[233.50, 0, 438.96],
[236.33, 0, 429.46],
[238.36, 0, 419.75],
[239.59, 0, 409.91],
[240.00, 0, 400.00],
[240.00, 0, 390.00],
[240.00, 0, 380.00],
[240.00, 0, 370.00],
[240.00, 0, 360.00],
[240.00, 0, 350.00],
[240.00, 0, 340.00],
[240.00, 0, 330.00],
[240.00, 0, 320.00],
[240.00, 0, 310.00],
[240.00, 0, 300.00],
[240.00, 0, 290.00],
[240.00, 0, 280.00],
[240.00, 0, 270.00],
[240.00, 0, 260.00],
[240.00, 0, 250.00],
[240.48, 0, 240.20],
[241.92, 0, 230.49],
[244.31, 0, 220.97],
[247.61, 0, 211.73],
[251.81, 0, 202.86],
[256.85, 0, 194.44],
[262.70, 0, 186.56],
[269.29, 0, 179.29],
[276.56, 0, 172.70],
[284.44, 0, 166.85],
[292.86, 0, 161.81],
[301.73, 0, 157.61],
[310.97, 0, 154.31],
[320.49, 0, 151.92],
[330.20, 0, 150.48],
[340.00, 0, 150.00],
[350.00, 0, 150.00],
[360.00, 0, 150.00],
[370.00, 0, 150.00],
[380.00, 0, 150.00],
[390.00, 0, 150.00],
[400.00, 0, 150.00],
[410.00, 0, 150.00],
[420.00, 0, 150.00],
[430.00, 0, 150.00],
[440.00, 0, 150.00],
[450.00, 0, 150.00],
[460.00, 0, 150.00],
[470.00, 0, 150.00],
[480.00, 0, 150.00],
[490.00, 0, 150.00],
[500.00, 0, 150.00],
[510.00, 0, 150.00],
[520.00, 0, 150.00],
[530.00, 0, 150.00],
[540.00, 0, 150.00],
[549.80, 0, 149.52],
[559.51, 0, 148.08],
[569.03, 0, 145.69],
[578.27, 0, 142.39],
[587.14, 0, 138.19],
[595.56, 0, 133.15],
[603.44, 0, 127.30],
[610.71, 0, 120.71],
[617.30, 0, 113.44],
[623.15, 0, 105.56],
[628.19, 0, 97.14],
[632.39, 0, 88.27],
[635.69, 0, 79.03],
[638.08, 0, 69.51],
[639.52, 0, 59.80],
[640.00, 0, 50.00],
[639.52, 0, 40.20],
[638.08, 0, 30.49],
[635.69, 0, 20.97],
[632.39, 0, 11.73],
[628.19, 0, 2.86],
[623.15, 0, -5.56],
[617.30, 0, -13.44],
[610.71, 0, -20.71],
[603.44, 0, -27.30],
[595.56, 0, -33.15],
[587.14, 0, -38.19],
[578.27, 0, -42.39],
[569.03, 0, -45.69],
[559.51, 0, -48.08],
[549.80, 0, -49.52],
[540.00, 0, -50.00],
[530.00, 0, -50.00],
[520.00, 0, -50.00],
[510.00, 0, -50.00],
[500.00, 0, -50.00],
[490.00, 0, -50.00],
[480.00, 0, -50.00],
[470.00, 0, -50.00],
[460.00, 0, -50.00],
[450.00, 0, -50.00],
[440.00, 0, -50.00],
[430.00, 0, -50.00],
[420.00, 0, -50.00],
[410.00, 0, -50.00],
[400.00, 0, -50.00],
[390.00, 0, -50.00],
[380.00, 0, -50.00],
[370.00, 0, -50.00],
[360.00, 0, -50.00],
[350.00, 0, -50.00],
[340.00, 0, -50.00],
[330.20, 0, -50.48],
[320.49, 0, -51.92],
[310.97, 0, -54.31],
[301.73, 0, -57.61],
[292.86, 0, -61.81],
[284.44, 0, -66.85],
[276.56, 0, -72.70],
[269.29, 0, -79.29],
[262.70, 0, -86.56],
[256.85, 0, -94.44],
[251.81, 0, -102.86],
[247.61, 0, -111.73],
[244.31, 0, -120.97],
[241.92, 0, -130.49],
[240.48, 0, -140.20],
[240.00, 0, -150.00],
[240.00, 0, -160.00],
[240.00, 0, -170.00],
[240.00, 0, -180.00],
[240.00, 0, -190.00],
[240.00, 0, -200.00],
[240.00, 0, -210.00],
[240.00, 0, -220.00],
[240.00, 0, -230.00],
[240.00, 0, -240.00],
[240.00, 0, -250.00],
[240.00, 0, -260.00],
[240.00, 0, -270.00],
[240.00, 0, -280.00],
[240.00, 0, -290.00],
[240.00, 0, -300.00],
[239.59, 0, -309.91],
[238.36, 0, -319.75],
[236.33, 0, -329.46],
[233.50, 0, -338.96],
[229.89, 0, -348.20],
[225.54, 0, -357.11],
[220.46, 0, -365.63],
[214.70, 0, -373.71],
[208.29, 0, -381.27],
[201.27, 0, -388.29],
[193.71, 0, -394.70],
[185.63, 0, -400.46],
[177.11, 0, -405.54],
[168.20, 0, -409.89],
[158.96, 0, -413.50],
[149.46, 0, -416.33],
[139.75, 0, -418.36],
[129.91, 0, -419.59],
[120.00, 0, -420.00],
[110.09, 0, -419.59],
[100.25, 0, -418.36],
[90.54, 0, -416.33],
[81.04, 0, -413.50],
[71.80, 0, -409.89],
[62.89, 0, -405.54],
[54.37, 0, -400.46],
[46.29, 0, -394.70],
[38.73, 0, -388.29],
[31.71, 0, -381.27],
[25.30, 0, -373.71],
[19.54, 0, -365.63],
[14.46, 0, -357.11],
[10.11, 0, -348.20],
[6.50, 0, -338.96],
[3.67, 0, -329.46],
[1.64, 0, -319.75],
[0.41, 0, -309.91],
[0.00, 0, -300.00],
[0.00, 0, -290.00],
[0.00, 0, -280.00],
[0.00, 0, -270.00],
[0.00, 0, -260.00],
[0.00, 0, -250.00],
[0.00, 0, -240.00],
[0.00, 0, -230.00],
[0.00, 0, -220.00],
[0.00, 0, -210.00],
[0.00, 0, -200.00],
[0.00, 0, -190.00],
[0.00, 0, -180.00],
[0.00, 0, -170.00],
[0.00, 0, -160.00],
[0.00, 0, -150.00],
[0.00, 0, -140.00],
[0.00, 0, -130.00],
[0.00, 0, -120.00],
[0.00, 0, -110.00],
[0.00, 0, -100.00],
[0.00, 0, -90.00],
[0.00, 0, -80.00],
[0.00, 0, -70.00],
[0.00, 0, -60.00],
[0.00, 0, -50.00],
[0.00, 0, -40.00],
[0.00, 0, -30.00],
[0.00, 0, -20.00],
[0.00, 0, -10.00],
[0.00, 0, 0.00],
[0.00, 0, 10.00],
[0.00, 0, 20.00],
[0.00, 0, 30.00],
[0.00, 0, 40.00],
[0.00, 0, 50.00],
[0.00, 0, 60.00],
[0.00, 0, 70.00],
[0.00, 0, 80.00],
[0.00, 0, 90.00],
[0.00, 0, 100.00]